nb4 @0.6:       全體  424 1696 1692   0.998  0.958   0.864   0.597
nb4 @0.7:       全體  424 1696 1623   0.957  0.919   0.871   0.601
nb5 @0.6:       全體  424 2120 2113   0.997  0.946   0.864   0.597
nb5 @0.7:       全體  424 2120 2018   0.952  0.903   0.871     0.6
nb6 @0.6:       全體  424 2544 2536   0.997   0.94   0.862   0.596
nb6 @0.7:       全體  424 2544 2431   0.956  0.901   0.869   0.598
occb3 @0.6:       全體  410 1230 1229   0.999  0.962   0.901   0.611
occb3 @0.7:       全體  410 1230 1224   0.995  0.958   0.902   0.611
occb4 @0.6:       全體  410 1640 1636   0.998   0.95   0.894   0.608
occb4 @0.7:       全體  410 1640 1620   0.988   0.94   0.896   0.609
occb5 @0.6:       全體  410 2050 2042   0.996  0.945   0.892   0.606
occb5 @0.7:       全體  410 2050 2021   0.986  0.936   0.894   0.606
occb6 @0.6:       全體  410 2460 2448   0.995  0.936   0.891   0.606
occb6 @0.7:       全體  410 2460 2414   0.981  0.923   0.894   0.607
stkb3 @0.6:       全體  204  612  323   0.528  0.645    0.83   0.582
stkb3 @0.7:       全體  204  612  254   0.415  0.507   0.869   0.605
stkb4 @0.6:       全體  403 1612  767   0.476  0.574   0.781   0.572
stkb4 @0.7:       全體  403 1612  599   0.372  0.448   0.833   0.604
stkb5 @0.6:       全體  390 1950 1138   0.584  0.666   0.817   0.579
stkb5 @0.7:       全體  390 1950  930   0.477  0.544   0.861   0.602
stkb6 @0.6:       全體  565 3390 1813   0.535  0.602   0.785   0.568
stkb6 @0.7:       全體  565 3390 1450   0.428  0.481   0.836   0.604
