  0/367
  50/367
  100/367
  150/367
  200/367
  250/367
  300/367
  350/367

物體                                物視角 sam_only  mv2_l2 mv2_tiny  Δ(l2-so)
-------------------------------------------------------------------------
059_chain                          34    0.000   1.000    1.000    +1.000
028_skillet_lid                   442    0.627   0.991    0.998    +0.364
062_dice                          583    0.587   0.950    0.950    +0.364
070-a_colored_wood_blocks         884    0.657   0.990    1.000    +0.333
035_power_drill                   442    0.778   0.998    0.995    +0.219
037_scissors                      476    0.803   0.998    0.998    +0.195
007_tuna_fish_can                 847    0.855   0.961    0.921    +0.106
008_pudding_box                   814    0.905   0.969    0.948    +0.064
009_gelatin_box                  1019    0.931   0.989    0.976    +0.058
031_spoon                         501    0.934   0.990    0.990    +0.056
070-b_colored_wood_blocks        1675    0.942   0.990    0.990    +0.048
030_fork                          611    0.943   0.989    0.987    +0.046
050_medium_clamp                  592    0.910   0.946    0.944    +0.035
043_phillips_screwdriver          612    0.966   1.000    1.000    +0.034
026_sponge                        913    0.947   0.980    0.968    +0.033
042_adjustable_wrench             544    0.967   0.998    0.991    +0.031
021_bleach_cleanser               880    0.972   1.000    1.000    +0.028
012_strawberry                    789    0.963   0.984    0.981    +0.020
032_knife                         543    0.976   0.996    0.994    +0.020
077_rubiks_cube                   664    0.971   0.991    0.991    +0.020
002_master_chef_can               985    0.956   0.976    0.972    +0.019
040_large_marker                  544    0.976   0.994    0.994    +0.018
015_peach                         869    0.976   0.992    0.992    +0.016
022_windex_bottle                 680    0.985   1.000    1.000    +0.015
065-d_cups                        675    0.976   0.990    0.990    +0.013
056_tennis_ball                   768    0.983   0.995    0.995    +0.012
003_cracker_box                   782    0.988   1.000    1.000    +0.012
014_lemon                         582    0.967   0.978    0.979    +0.010
033_spatula                       102    0.990   1.000    1.000    +0.010
065-b_cups                        532    0.989   0.998    0.996    +0.009
038_padlock                       772    0.982   0.991    0.991    +0.009
065-c_cups                        577    0.986   0.995    0.997    +0.009
005_tomato_soup_can              1189    0.992   1.000    1.000    +0.008
065-f_cups                        643    0.991   0.998    0.998    +0.008
055_baseball                      666    0.977   0.985    0.985    +0.008
006_mustard_bottle                680    0.991   0.999    0.999    +0.007
065-g_cups                        711    0.989   0.996    0.996    +0.007
065-i_cups                        574    0.984   0.991    0.993    +0.007
044_flat_screwdriver              577    0.990   0.997    0.997    +0.007
057_racquetball                   609    0.989   0.995    0.995    +0.007
004_sugar_box                     918    0.991   0.998    0.998    +0.007
061_foam_brick                    939    0.993   0.999    0.999    +0.006
025_mug                           677    0.990   0.996    0.994    +0.006
013_apple                         707    0.990   0.996    0.996    +0.006
010_potted_meat_can               848    0.993   0.998    0.998    +0.005
065-a_cups                        667    0.990   0.994    0.994    +0.004
058_golf_ball                     668    0.976   0.981    0.981    +0.004
052_extra_large_clamp             476    0.994   0.998    0.998    +0.004
065-e_cups                        779    0.992   0.996    0.997    +0.004
016_pear                          847    0.995   0.999    0.999    +0.004
024_bowl                          578    0.993   0.997    0.997    +0.003
011_banana                        645    0.995   0.998    0.998    +0.003
065-h_cups                        713    0.992   0.994    0.999    +0.003
017_orange                        740    0.993   0.996    0.996    +0.003
036_wood_block                    952    0.998   1.000    0.997    +0.002
051_large_clamp                   510    0.998   1.000    1.000    +0.002
018_plum                          679    0.979   0.981    0.985    +0.001
054_softball                      710    0.999   1.000    1.000    +0.001
019_pitcher_base                  578    1.000   1.000    1.000    +0.000
029_plate                         442    1.000   1.000    1.000    +0.000
048_hammer                         34    1.000   1.000    1.000    +0.000
053_mini_soccer_ball              474    0.998   0.998    0.998    +0.000
065-j_cups                        612    1.000   1.000    1.000    +0.000
071_nine_hole_peg_test            475    1.000   1.000    1.000    +0.000
